100 100 
1 1 1 1 1 1 1 1 1 1 1 1 1 1 1 1 1 1 1 1 1 1 1 1 1 1 1 1 1 1 1 1 1 1 1 1 1 1 1 1 1 1 1 1 1 1 1 1 1 1 1 1 1 1 1 1 1 1 1 1 1 1 1 1 1 1 1 1 1 1 1 1 1 1 1 1 1 1 1 1 1 1 1 1 1 1 1 1 1 1 1 1 1 1 1 1 1 1 1 1 
61 16 63 30 93 2 32 18 56 91 46 66 71 83 14 7 44 73 42 9 89 52 3 67 15 24 4 97 57 55 90 92 43 38 29 31 11 36 70 80 35 75 58 65 54 21 87 5 40 86 82 94 37 33 51 10 79 78 68 72 12 77 19 34 0 45 69 60 27 17 6 81 39 1 13 48 20 22 64 28 47 53 98 99 74 84 62 25 76 88 59 23 50 95 49 41 96 85 8 26 
95 52 91 94 89 58 76 41 10 55 70 63 96 84 69 86 29 72 64 36 90 98 67 40 75 34 57 49 79 28 50 74 6 21 92 61 42 81 18 56 20 17 14 19 22 44 11 2 73 25 31 60 78 87 33 13 7 35 38 77 45 99 47 23 16 39 3 46 88 66 51 93 68 62 24 30 85 15 59 48 80 12 0 65 9 43 32 82 27 5 83 54 71 26 8 4 97 1 53 37 
58 92 73 56 34 14 85 52 51 77 96 0 62 91 64 38 69 54 72 99 82 40 39 61 47 93 66 98 79 81 86 71 43 97 30 5 89 78 31 53 21 45 75 2 88 3 57 27 24 17 80 68 29 12 8 95 59 9 41 67 50 48 36 33 1 10 28 55 16 11 15 23 18 44 63 65 32 20 7 13 90 76 25 46 6 87 35 4 84 70 60 74 22 26 83 94 49 19 42 37 
39 83 52 43 13 64 71 65 9 12 34 51 70 90 74 8 78 20 85 25 88 44 66 36 49 81 79 91 5 2 7 73 27 3 10 96 35 80 63 53 19 60 16 28 24 30 50 1 4 32 94 11 42 17 59 55 15 75 22 68 98 89 62 76 48 14 95 23 99 57 31 82 45 86 92 87 69 93 77 18 0 84 72 41 61 56 38 58 33 67 47 21 97 26 46 54 37 40 6 29 
25 70 73 52 37 53 93 43 7 19 13 79 5 78 54 23 85 26 14 48 89 31 33 62 15 77 10 12 4 95 90 42 32 67 75 24 29 81 84 57 83 40 51 55 9 63 65 64 46 60 86 22 1 28 74 59 56 6 41 71 36 50 0 49 45 34 8 61 35 88 76 20 66 99 68 38 96 58 16 39 80 82 30 27 44 87 11 18 2 91 94 47 92 72 97 17 69 21 98 3 
16 58 24 13 20 12 0 31 48 32 85 33 4 67 78 53 66 19 71 59 42 22 45 43 26 10 82 47 91 94 69 70 29 60 93 40 9 11 76 84 14 35 55 97 86 49 79 34 17 21 51 64 61 54 7 56 52 92 73 81 57 80 83 2 23 68 46 90 28 89 88 75 87 15 27 37 38 96 99 1 25 63 6 18 72 8 30 5 50 3 98 65 41 36 44 62 77 39 74 95 
37 2 58 10 96 48 36 42 16 12 82 5 62 29 86 30 81 50 88 87 73 33 43 19 97 77 9 80 76 0 66 91 67 63 98 83 44 39 85 8 11 21 52 68 40 4 41 6 56 84 69 17 75 74 51 47 35 27 24 7 1 22 26 65 49 93 15 54 99 18 94 57 46 38 64 70 59 28 31 78 71 3 45 60 13 14 34 79 32 89 90 23 95 72 20 25 55 61 53 92 
44 91 10 96 43 69 30 90 2 29 77 52 46 34 93 63 81 22 41 31 49 55 75 33 13 1 28 64 66 36 67 18 14 50 27 97 45 84 19 9 20 60 79 57 72 80 73 35 38 16 76 53 32 87 85 68 92 37 83 94 0 23 5 58 86 12 47 61 25 56 74 6 95 65 99 7 88 3 51 78 71 62 8 98 89 48 54 42 26 59 21 70 4 39 24 17 40 11 15 82 
39 36 16 34 72 65 20 38 90 82 97 88 80 30 6 76 26 40 75 17 43 21 92 62 56 22 81 70 23 58 9 86 25 91 0 71 28 55 8 18 95 94 3 2 84 7 85 4 63 98 60 61 29 50 1 54 46 10 48 41 89 27 77 57 33 87 19 49 53 24 93 59 66 31 99 69 68 13 37 79 96 15 51 47 45 73 14 83 52 44 12 74 64 5 11 35 32 42 78 67 
69 6 31 74 49 94 25 18 55 0 54 26 66 42 44 84 20 58 70 86 83 48 15 81 79 78 67 52 27 24 23 19 22 75 37 89 73 34 28 29 62 38 61 92 93 63 36 50 40 57 99 8 13 30 4 68 35 65 59 46 21 87 60 39 90 77 91 12 82 33 72 7 2 45 76 11 56 71 95 51 96 3 43 88 64 14 32 5 47 41 97 1 16 53 9 10 98 85 80 17 
9 60 81 99 75 35 59 42 4 36 85 77 10 21 47 44 82 89 74 69 52 70 97 76 29 26 22 66 31 78 23 16 39 40 37 25 88 12 94 27 30 55 45 92 57 1 62 80 5 13 3 17 83 14 11 86 72 24 91 58 90 68 0 87 53 41 15 65 49 50 95 18 6 19 28 93 64 2 20 48 32 38 98 96 61 56 67 54 51 33 7 73 46 71 34 84 79 8 43 63 
18 64 6 63 95 55 8 28 57 19 17 50 7 67 59 0 10 14 34 66 85 27 75 91 77 1 88 23 93 21 73 35 52 2 99 84 51 96 36 98 83 53 44 56 4 90 94 72 12 76 46 70 5 69 81 13 74 78 37 30 58 61 45 31 29 26 32 80 71 40 48 89 39 92 47 25 11 65 15 68 49 79 54 62 97 24 9 20 86 82 60 43 87 38 22 41 16 3 42 33 
50 33 79 19 69 18 3 5 78 36 6 80 39 71 93 14 48 31 34 94 45 92 16 86 96 28 89 54 77 56 60 20 2 64 51 32 87 76 43 23 52 66 63 30 81 35 7 44 55 70 1 85 41 58 26 74 57 91 17 29 49 95 42 11 62 59 97 73 84 53 37 13 67 15 65 72 10 27 61 38 47 99 75 12 46 68 4 8 83 40 88 82 22 9 24 90 25 0 21 98 
46 11 24 17 86 60 96 57 22 10 25 74 49 3 0 6 23 85 8 38 9 1 2 56 63 81 16 20 39 19 87 40 7 71 95 61 15 72 68 37 88 70 92 31 18 29 28 53 55 12 4 30 35 97 54 73 66 14 94 27 48 50 77 47 45 59 93 52 26 91 13 34 51 89 41 64 83 32 80 79 98 36 44 84 5 90 99 69 33 62 67 21 65 78 58 76 43 42 82 75 
75 12 24 65 22 33 36 29 80 26 16 82 95 37 76 98 8 19 35 56 13 18 73 5 47 81 60 57 4 28 10 2 66 39 11 1 15 42 86 21 93 94 46 69 30 87 71 9 83 6 79 31 25 54 74 17 7 70 3 27 84 50 44 63 85 67 40 38 72 20 43 92 78 53 91 32 89 90 99 68 23 52 96 41 0 14 55 88 49 48 51 45 34 64 97 59 58 61 77 62 
67 69 37 20 59 76 10 80 89 38 58 57 85 53 81 72 49 79 34 66 61 17 75 9 95 70 77 13 86 55 96 11 73 42 40 43 64 1 39 14 35 12 88 21 60 31 6 68 62 51 56 90 52 0 47 7 29 24 41 98 87 26 16 33 44 4 99 48 8 3 18 71 2 30 5 78 91 97 15 63 82 83 50 54 22 46 27 65 28 19 25 84 23 94 45 93 36 92 32 74 
62 35 70 50 96 26 56 39 43 31 36 78 71 73 11 53 42 97 92 75 60 37 59 88 3 49 38 57 40 90 46 14 64 44 41 81 9 33 87 7 69 52 63 82 27 15 80 17 72 94 65 89 0 2 24 28 10 34 22 67 4 98 12 45 16 68 74 51 25 5 95 47 85 99 76 13 8 23 20 48 55 19 32 79 21 6 61 30 83 66 18 54 84 58 91 86 93 1 77 29 
31 45 99 92 8 37 89 71 20 38 67 18 42 5 12 47 0 11 30 24 25 7 62 28 79 82 87 93 77 95 4 59 40 81 17 75 13 69 72 91 96 29 10 1 50 21 80 52 46 70 15 6 73 14 84 23 60 34 66 44 51 86 85 3 26 55 94 49 97 64 9 65 68 36 57 48 58 2 16 27 74 90 33 32 88 56 63 54 83 39 43 53 22 19 78 98 76 41 35 61 
94 55 18 48 73 14 64 49 93 68 41 66 96 74 23 44 70 9 57 60 86 45 21 42 61 51 15 38 99 1 67 39 97 30 7 46 72 25 35 19 54 87 31 34 40 22 78 33 76 79 88 17 90 82 65 92 4 5 0 50 81 69 8 95 59 47 56 12 91 63 29 80 20 36 24 84 52 89 32 37 16 71 26 11 43 2 98 58 6 83 77 3 13 28 62 75 53 27 10 85 
54 19 85 20 63 3 7 18 49 39 70 60 33 98 52 90 57 73 53 14 69 47 31 74 10 55 9 62 99 29 26 65 30 95 8 37 5 72 17 56 43 93 77 0 15 4 59 96 13 34 46 16 11 25 45 81 2 51 40 79 44 41 66 67 28 88 32 97 82 83 92 68 50 1 75 61 78 36 80 24 64 86 48 94 87 42 89 35 6 12 38 21 84 71 22 23 58 76 27 91 
48 38 34 43 99 75 54 5 31 40 62 84 58 16 91 66 4 74 64 73 93 18 22 88 51 78 57 17 59 24 13 27 26 42 8 67 56 80 37 30 44 50 11 15 70 68 21 83 94 45 90 76 53 6 63 23 7 35 3 86 39 33 55 61 32 9 25 29 12 95 96 69 77 89 52 79 85 19 2 98 10 28 1 36 97 87 65 81 82 20 46 47 60 71 41 0 14 49 92 72 
99 39 12 24 82 14 67 84 93 33 44 23 95 97 61 54 29 30 62 85 1 56 92 36 80 2 21 6 63 4 13 35 19 46 25 38 8 94 34 27 96 26 71 11 77 17 40 42 16 60 64 7 32 88 70 72 15 81 10 57 98 9 45 53 28 91 58 76 20 75 43 50 86 31 73 79 51 66 68 87 22 52 55 49 59 69 5 37 89 0 18 47 41 78 65 90 48 74 83 3 
76 56 84 47 94 23 77 62 54 26 32 64 59 4 41 58 42 51 69 33 72 9 7 5 12 85 0 95 67 40 70 44 8 3 92 83 18 49 16 66 97 10 99 96 21 28 50 89 46 35 11 74 86 45 6 93 80 14 73 68 2 52 24 88 17 15 1 75 55 27 61 43 87 38 30 34 37 25 60 90 53 82 20 13 57 63 71 91 81 31 65 29 98 39 78 19 22 48 79 36 
30 89 35 3 74 64 24 59 4 93 85 67 16 26 66 61 79 45 65 70 21 12 63 80 10 95 25 40 52 5 71 51 43 98 88 60 50 83 81 73 53 68 18 32 44 37 58 17 42 90 33 11 23 97 84 29 48 86 0 82 55 57 27 38 1 72 54 99 14 87 39 41 56 20 13 46 47 28 92 15 69 77 19 34 2 78 91 76 6 36 22 31 49 9 62 96 75 8 7 94 
42 65 45 18 32 50 79 35 15 57 90 83 59 76 21 9 92 96 44 23 27 75 64 78 5 22 4 62 60 14 40 52 8 26 39 33 69 95 36 74 72 20 56 13 29 58 66 68 71 97 85 84 89 86 77 63 34 70 24 81 94 46 61 98 54 3 10 51 0 99 12 30 87 47 43 55 2 91 6 19 49 7 16 41 38 53 31 88 73 11 25 82 37 48 80 93 17 1 28 67 
48 8 53 57 74 84 89 45 91 43 92 9 42 63 34 61 0 54 71 15 56 36 64 59 18 21 70 66 30 3 19 93 32 49 27 7 69 17 60 76 16 85 26 99 4 31 5 79 20 10 44 51 41 11 87 75 29 96 12 37 82 98 2 1 67 25 65 95 81 23 33 80 40 86 62 77 90 47 97 24 22 6 94 68 88 50 83 38 55 35 13 46 28 73 58 52 39 78 72 14 
0 45 38 25 12 18 61 88 62 77 35 43 85 76 86 34 65 58 36 74 21 81 28 68 54 5 30 2 55 3 71 39 59 4 53 19 7 13 82 6 57 14 60 63 89 99 41 50 27 67 23 96 51 49 8 91 72 87 94 29 66 69 90 56 64 46 78 15 48 42 52 33 1 92 9 79 32 20 73 47 10 44 11 95 16 93 80 83 17 31 97 40 37 70 22 84 75 24 26 98 
88 95 55 23 85 79 75 42 9 94 40 97 13 37 11 58 41 93 29 18 1 22 48 24 69 17 20 83 36 80 81 43 39 2 68 12 15 99 6 0 16 66 5 31 59 47 86 10 71 4 87 30 91 35 62 7 49 84 33 25 26 34 78 76 46 52 38 61 70 32 21 51 53 96 45 50 89 64 77 54 28 73 63 57 98 44 92 27 67 19 65 90 72 8 74 82 14 56 3 60 
66 70 77 7 81 6 71 25 92 58 68 47 95 8 39 99 17 63 65 37 88 55 32 19 29 11 35 79 73 15 43 62 30 61 64 16 40 2 74 18 90 78 69 94 10 20 84 91 36 38 9 26 72 33 48 27 80 93 53 86 57 75 21 50 45 13 3 41 46 49 54 89 23 28 85 14 96 97 22 5 67 60 52 1 87 31 4 0 83 56 24 82 51 98 44 59 34 76 12 42 
89 64 44 50 10 9 26 29 92 23 8 3 66 1 78 5 7 24 88 48 97 55 11 21 37 84 63 56 45 6 71 13 43 12 94 99 87 93 27 76 17 16 41 4 57 91 34 2 15 86 35 14 19 39 95 81 85 98 79 49 59 58 54 22 36 82 30 18 20 96 62 42 67 75 0 40 65 31 80 33 68 46 52 47 53 25 73 70 83 32 28 72 38 60 74 51 69 61 77 90 
27 97 36 67 80 33 72 68 11 41 32 96 12 15 34 49 70 89 50 91 62 28 45 2 69 83 84 8 76 46 29 18 78 35 40 30 55 14 79 0 74 77 51 95 20 24 56 53 85 13 60 17 23 93 58 82 7 86 1 92 16 87 63 39 98 65 66 44 4 61 57 5 10 94 26 38 81 59 71 25 64 88 19 43 73 9 52 31 90 22 54 47 42 21 75 6 99 48 37 3 
6 3 89 53 25 41 51 46 52 30 70 13 92 19 56 37 96 77 81 47 7 32 68 45 72 24 84 79 10 83 14 11 42 88 67 4 40 16 62 97 91 36 12 39 26 78 73 33 99 34 54 49 76 38 80 75 27 1 66 63 17 71 23 50 44 93 21 55 15 94 8 82 59 98 48 87 20 2 65 95 69 57 58 28 60 64 61 74 29 90 86 5 35 85 43 0 22 9 18 31 
16 83 79 68 70 76 0 34 28 37 84 58 88 71 35 72 81 69 49 40 17 31 59 10 4 11 5 18 64 66 93 43 36 8 65 51 97 85 1 45 60 29 78 22 24 9 12 82 95 15 39 52 7 44 21 55 80 75 26 57 47 19 25 38 67 50 6 90 56 87 73 96 14 63 92 86 98 53 2 62 89 42 20 13 46 74 48 30 33 94 61 32 3 99 77 54 91 41 27 23 
62 1 25 53 16 82 35 49 3 59 97 38 21 89 10 78 72 45 80 37 46 61 24 31 76 96 75 27 44 32 56 13 12 54 42 7 64 77 70 20 81 73 40 55 6 8 58 11 9 18 86 0 48 51 93 66 19 63 14 83 57 22 5 74 67 28 41 94 68 84 88 23 29 36 50 92 26 47 99 71 4 2 98 69 34 30 39 90 87 91 15 79 17 43 95 33 85 60 65 52 
84 14 18 1 40 10 22 8 83 98 33 35 31 41 4 29 24 19 6 80 97 70 82 68 36 47 51 74 44 55 39 7 52 30 91 69 62 32 13 48 81 64 53 20 3 34 17 26 23 99 43 76 79 93 54 75 59 90 60 25 87 67 92 5 95 73 88 0 72 57 86 78 94 66 56 37 38 50 9 61 65 58 46 2 77 16 15 96 71 45 28 11 89 49 12 21 27 85 42 63 
15 31 91 77 95 0 71 54 84 68 75 13 39 22 66 30 85 38 49 12 4 81 33 63 2 16 51 83 52 18 34 98 90 58 40 67 36 50 19 3 21 29 62 37 88 72 44 79 65 46 48 74 45 55 96 86 35 92 59 47 57 7 28 32 89 6 25 20 27 94 70 5 11 64 53 42 8 9 73 10 41 69 24 61 43 80 17 99 1 78 23 14 87 93 82 76 97 60 26 56 
75 55 57 70 59 98 56 79 17 58 43 74 88 76 23 97 44 5 66 34 90 26 92 64 51 81 19 65 95 0 50 86 41 21 12 13 30 20 35 91 45 3 93 80 2 96 53 33 27 83 28 67 68 87 14 94 60 42 40 10 22 72 24 84 15 4 61 36 54 38 32 77 99 1 69 46 7 48 39 47 82 89 73 85 9 37 78 16 49 6 18 71 8 29 31 25 52 62 11 63 
20 17 97 55 56 96 51 93 71 59 11 47 27 83 70 23 44 42 10 43 29 9 98 12 66 65 41 80 45 16 92 78 18 82 84 99 64 46 75 77 7 2 31 63 61 15 68 39 52 22 32 90 24 73 53 50 62 87 6 5 34 1 25 0 26 74 48 67 60 58 8 30 69 88 33 79 94 86 76 57 14 40 54 95 35 85 19 28 91 37 36 81 4 89 49 72 38 3 21 13 
82 70 84 19 89 54 85 52 35 47 61 20 1 55 43 53 34 2 4 71 66 14 91 3 95 50 81 80 59 12 92 7 98 28 24 67 15 39 22 65 10 23 31 94 45 36 86 44 73 99 18 90 57 49 97 77 79 37 56 16 60 58 68 30 72 63 69 64 27 41 5 51 62 76 40 9 42 21 11 25 17 29 88 78 74 8 13 93 46 32 75 26 87 0 6 33 38 83 48 96 
65 71 14 23 67 34 35 95 56 29 30 79 99 31 97 0 80 46 90 20 21 48 26 15 22 54 19 9 59 11 42 5 3 81 58 66 38 60 94 45 18 50 52 85 62 63 73 43 57 8 83 77 68 87 28 82 61 44 33 64 13 55 17 39 27 98 12 86 69 78 6 16 10 92 53 40 49 7 47 1 96 51 70 75 74 89 88 2 76 25 24 32 36 91 41 37 93 4 72 84 
68 41 10 17 55 85 58 26 14 60 36 30 78 92 93 42 71 2 43 29 61 96 20 24 99 38 18 7 89 5 82 97 54 94 49 76 22 39 19 62 9 32 73 45 72 37 6 47 66 50 52 12 64 3 15 88 46 81 77 80 21 13 48 70 83 86 57 75 65 91 27 1 59 56 23 33 87 34 44 63 67 74 16 31 25 4 11 53 98 95 35 8 69 28 40 84 79 90 0 51 
8 40 18 12 62 9 16 13 11 54 82 65 57 95 27 77 90 50 0 30 75 28 6 66 63 93 53 46 86 39 55 51 88 19 68 87 24 73 3 32 29 17 92 96 97 22 80 69 84 44 85 23 10 58 72 64 61 43 76 70 71 25 74 5 36 1 89 49 56 2 35 52 41 67 78 99 47 34 21 60 38 83 94 45 14 15 4 48 91 37 79 31 7 33 98 20 26 42 59 81 
31 88 22 42 56 98 82 19 92 91 41 59 9 77 33 61 65 0 55 58 28 57 16 85 69 11 99 68 2 86 60 32 54 97 44 20 64 39 47 84 37 7 96 35 51 18 93 45 29 80 8 1 23 53 50 30 17 74 36 62 49 13 10 73 72 21 63 95 40 5 14 89 24 27 66 48 90 87 43 15 26 81 6 78 34 52 25 70 76 46 4 38 83 71 79 75 3 67 94 12 
81 55 17 15 56 85 99 61 70 84 60 40 3 73 98 33 2 19 44 62 43 39 5 26 1 14 42 94 23 9 72 13 30 58 28 47 45 77 79 4 69 90 52 46 51 35 6 27 93 59 75 16 96 18 37 24 48 11 74 53 78 95 34 67 82 63 36 88 21 83 64 97 7 32 68 12 76 20 25 31 89 87 71 50 92 80 41 54 22 8 57 38 49 10 66 29 0 65 86 91 
90 44 45 11 13 23 34 70 47 48 84 87 85 89 9 28 19 65 35 67 57 83 80 20 31 30 49 46 94 99 73 98 82 96 2 4 59 7 32 15 78 1 66 12 10 43 22 40 26 58 69 52 97 25 6 71 36 54 41 16 18 56 21 91 29 24 5 14 62 38 72 39 33 79 27 81 86 55 64 76 63 42 95 68 60 17 61 88 92 75 3 53 77 0 8 50 51 74 93 37 
32 55 88 94 7 77 42 79 63 97 12 99 23 45 20 25 28 50 4 46 66 49 61 21 92 35 56 26 70 14 85 40 98 71 67 60 22 95 39 51 30 84 38 54 31 19 65 27 83 76 90 1 48 34 75 16 43 72 44 80 89 6 10 52 96 62 82 47 8 91 15 18 53 86 37 68 9 24 81 41 64 33 5 13 78 11 29 93 3 87 69 36 2 0 73 17 59 58 57 74 
41 17 48 93 33 71 52 55 60 66 64 87 44 85 14 34 58 59 68 75 57 46 22 25 92 0 12 1 88 56 72 4 29 96 89 31 2 97 20 24 37 81 94 26 86 51 79 82 91 15 6 90 98 7 74 47 61 30 5 50 77 73 69 70 45 62 35 43 95 18 53 38 83 54 49 39 10 84 76 8 65 16 36 3 99 80 28 42 9 27 13 19 40 32 78 23 11 63 67 21 
74 48 70 37 50 77 11 62 67 98 84 21 94 75 13 25 32 0 90 20 4 72 24 55 85 47 46 43 38 52 3 6 26 29 35 16 71 40 7 8 12 78 45 61 88 79 92 76 17 23 31 69 64 87 1 10 93 33 65 57 95 83 18 49 58 91 66 39 86 14 59 30 9 36 41 56 63 28 54 22 60 73 80 68 44 42 96 81 82 99 19 89 2 5 27 97 15 51 53 34 
1 31 45 38 7 24 16 84 76 95 94 40 87 25 13 70 66 62 47 61 34 60 81 71 67 8 0 85 20 73 93 77 54 56 30 44 99 10 83 82 79 21 26 65 89 2 23 88 3 64 78 57 58 49 90 92 53 12 14 18 27 98 15 80 37 48 9 17 28 97 36 6 75 91 33 46 68 72 55 52 96 59 51 39 42 32 41 69 50 63 19 74 43 35 11 29 86 4 5 22 
59 65 49 45 50 75 61 78 33 54 47 77 83 43 4 7 27 96 70 30 57 68 90 31 48 85 17 76 24 38 58 94 99 0 69 23 1 10 2 92 44 88 84 36 53 74 41 8 9 34 46 79 18 42 28 13 72 89 67 15 16 62 14 63 32 60 98 12 5 29 19 52 6 55 37 81 11 21 35 66 64 20 26 93 87 82 39 86 73 97 25 56 80 40 3 22 91 51 95 71 
91 92 48 22 79 26 18 7 90 34 47 41 93 8 33 85 80 53 75 30 44 71 46 24 21 69 23 45 38 0 37 3 68 73 5 4 86 59 74 63 13 51 15 16 98 96 65 97 89 58 82 39 10 42 1 57 64 29 35 14 61 50 60 43 77 83 56 72 67 19 6 78 87 94 25 70 54 28 84 40 11 2 52 99 76 32 12 95 20 27 88 62 55 49 81 9 66 36 31 17 
16 66 23 73 77 83 94 57 45 42 60 64 19 92 67 12 2 11 71 91 53 69 1 61 26 27 4 29 56 63 49 48 59 22 39 95 62 78 97 80 85 6 79 90 98 72 70 30 18 84 36 51 93 25 87 7 99 68 40 9 58 65 54 33 21 46 20 35 55 17 32 43 0 37 10 3 41 8 38 28 47 75 5 15 89 31 14 88 74 82 52 44 81 96 50 13 24 34 76 86 
89 31 25 50 78 52 12 95 77 72 24 90 93 7 80 0 20 28 33 32 40 55 49 16 76 42 4 56 13 94 64 41 75 82 30 48 14 43 65 45 11 83 46 67 38 88 29 81 39 36 35 57 79 54 73 1 53 18 21 47 71 17 74 6 85 97 91 86 92 63 98 22 23 34 5 15 66 60 27 3 44 62 2 99 10 9 59 58 68 51 61 69 26 96 84 19 8 87 70 37 
85 35 24 54 91 18 36 51 95 49 8 81 77 68 64 37 47 42 27 76 16 63 40 1 29 74 22 33 12 58 72 59 25 84 83 2 10 11 31 93 69 38 15 28 71 87 23 67 3 48 73 56 86 97 65 78 6 75 80 34 98 70 7 17 13 20 46 45 60 44 53 5 61 82 99 96 43 21 30 52 89 55 19 50 88 57 26 0 4 94 90 41 62 39 32 66 14 92 79 9 
40 59 97 82 98 66 44 22 1 62 51 96 6 61 78 67 53 84 23 42 41 89 60 86 35 0 52 13 72 91 79 77 38 31 93 27 10 47 3 76 21 87 46 74 12 58 88 83 57 29 24 33 55 2 8 11 48 92 30 17 36 19 45 39 9 49 25 69 7 16 18 20 90 65 71 32 94 14 63 54 5 28 99 73 34 56 43 81 37 15 85 75 50 68 80 95 4 26 70 64 
18 4 97 64 74 72 2 95 69 43 0 27 66 60 91 22 90 46 32 28 41 36 94 47 7 37 48 29 85 99 75 59 51 9 62 61 84 82 63 16 44 19 65 15 14 71 52 21 79 35 31 24 3 77 5 25 87 78 70 10 1 45 89 40 23 34 92 38 76 20 53 26 6 56 80 8 49 86 88 57 73 55 98 93 12 96 83 39 67 33 54 58 11 13 30 17 50 42 68 81 
85 79 18 89 69 97 64 27 13 58 21 42 3 92 81 75 60 78 9 80 10 95 19 54 83 44 38 32 25 77 29 57 35 7 59 34 26 6 98 99 23 51 56 48 55 17 37 71 43 67 28 96 0 70 68 76 53 88 1 20 22 39 62 33 5 74 47 91 65 4 11 31 87 30 94 36 84 46 50 24 49 2 72 41 61 86 40 15 82 8 52 16 93 66 12 45 14 73 90 63 
59 19 66 84 12 67 17 23 13 61 10 90 37 16 57 18 22 45 52 70 89 96 29 0 95 83 31 98 38 60 86 80 14 63 64 82 54 26 94 92 50 47 43 77 71 39 76 40 11 33 68 6 42 93 73 15 2 1 85 9 20 44 87 51 81 91 34 74 24 35 56 32 28 3 99 46 53 88 8 36 7 75 58 69 65 27 49 78 55 21 62 72 5 79 48 97 4 41 25 30 
5 63 15 73 3 38 22 25 4 81 94 11 88 10 53 61 98 12 66 75 85 36 17 27 18 6 72 37 50 26 67 7 2 97 82 90 71 76 80 48 96 55 57 1 0 44 58 28 92 45 32 13 60 20 89 62 65 34 79 9 54 42 16 99 59 95 74 91 86 31 8 47 64 23 46 30 40 87 33 51 70 49 43 35 78 19 84 39 93 14 68 83 77 21 41 52 69 29 56 24 
20 29 48 0 61 4 7 38 17 8 77 33 67 90 35 45 98 32 69 30 31 54 57 5 10 70 26 42 65 34 68 91 22 28 96 89 46 88 9 24 99 78 50 1 79 3 94 95 97 52 11 41 53 73 27 63 60 76 6 16 2 74 15 86 44 81 56 92 49 58 39 51 62 36 13 19 66 80 87 85 72 75 21 12 18 59 84 23 83 14 93 55 64 47 25 82 37 40 71 43 
66 79 32 36 76 94 13 42 86 24 9 74 64 6 58 90 7 77 92 78 49 71 75 37 22 87 70 15 41 8 1 73 93 5 47 82 10 31 23 12 46 57 34 72 52 50 21 3 53 19 16 65 96 91 81 38 85 45 4 62 2 35 0 14 69 11 48 80 29 60 63 17 30 68 97 61 54 44 33 43 98 55 83 18 27 20 25 56 51 39 28 88 89 95 84 59 40 26 67 99 
34 65 53 71 80 18 97 26 79 54 96 10 9 93 0 28 66 82 99 42 95 64 17 60 25 72 14 11 68 31 36 84 16 44 56 33 49 21 92 7 5 39 43 77 38 74 27 35 98 15 88 47 75 91 13 29 52 40 90 70 50 85 67 55 59 76 23 22 69 12 58 30 20 62 86 19 4 2 63 61 1 89 3 87 8 57 46 73 83 94 81 41 45 51 37 78 6 48 24 32 
8 94 72 92 62 93 18 81 58 70 59 91 21 86 90 37 1 13 20 16 60 85 52 14 6 38 68 43 35 40 10 65 79 95 4 15 32 17 5 57 67 44 46 36 3 66 53 75 29 41 88 76 78 80 28 42 50 19 33 30 49 27 83 55 89 12 77 22 45 34 73 2 25 63 61 54 23 87 64 96 98 97 47 48 26 84 0 99 7 51 39 82 74 24 31 71 69 56 9 11 
4 10 83 20 69 9 0 84 27 79 85 2 99 64 49 95 33 48 70 13 53 26 25 5 80 22 38 17 12 24 61 18 81 59 57 1 7 43 56 88 8 65 15 51 87 62 78 76 63 36 40 71 54 68 75 89 37 39 41 46 73 31 21 92 16 11 6 34 52 35 86 44 42 50 91 29 74 77 28 98 58 67 55 96 94 47 60 97 14 32 66 19 90 23 3 93 82 30 72 45 
38 47 23 26 9 56 73 55 40 39 11 70 87 2 0 35 5 22 89 48 83 85 25 13 62 29 30 59 98 90 53 94 45 19 52 99 7 37 44 12 80 88 20 15 79 93 16 95 84 54 72 4 78 18 74 43 51 92 6 64 71 61 65 46 68 63 81 42 69 17 58 21 76 33 10 91 8 3 24 31 36 77 97 75 57 28 50 60 67 49 86 14 34 1 82 66 27 96 41 32 
53 66 31 26 62 0 29 11 98 58 90 71 7 89 81 99 27 15 73 18 5 75 37 82 88 32 76 10 93 69 84 72 65 8 4 70 87 43 51 40 61 74 6 35 57 9 83 91 96 49 94 67 52 23 24 50 68 14 17 33 86 19 36 97 41 34 20 77 25 56 54 3 59 95 78 30 22 16 80 92 64 2 60 28 21 85 63 13 39 55 47 38 1 44 12 42 46 79 48 45 
3 94 44 52 99 64 21 89 58 88 71 15 25 53 36 51 6 79 45 66 26 84 13 22 91 24 4 29 8 85 73 62 28 34 87 72 39 40 96 5 93 12 20 65 2 27 78 0 82 30 67 46 31 47 83 33 90 14 80 77 1 17 16 11 18 9 57 49 61 38 75 95 76 63 42 56 59 86 69 50 54 98 35 7 74 23 32 60 68 48 70 19 55 41 97 43 92 10 81 37 
59 16 81 77 65 37 7 63 13 24 88 82 10 64 25 35 58 3 97 21 41 54 2 36 73 66 45 79 94 42 44 43 89 1 60 56 99 61 15 30 78 55 14 67 0 27 51 19 17 71 57 93 96 92 95 26 32 11 75 90 91 83 5 48 62 50 76 87 68 85 4 49 33 84 69 53 31 29 40 22 80 6 72 38 39 52 28 74 18 98 9 23 70 34 46 20 8 86 12 47 
70 30 19 66 78 14 90 44 17 7 37 62 89 83 16 35 67 72 41 5 46 32 51 77 73 80 59 0 40 4 74 13 9 79 58 12 8 88 26 27 76 48 95 25 84 61 18 29 10 31 55 43 63 71 86 6 97 1 33 34 22 65 50 11 64 68 24 56 53 47 91 2 45 93 94 96 98 99 20 49 15 52 60 23 3 82 69 85 38 39 87 21 42 28 54 75 36 81 57 92 
66 33 54 72 65 26 32 6 30 19 3 51 7 60 56 98 86 76 36 41 46 71 35 84 95 47 91 27 92 93 49 10 11 23 99 20 67 8 38 53 87 73 50 83 55 52 58 62 31 24 34 39 9 5 59 21 61 37 15 18 28 4 48 79 75 70 85 64 17 2 40 43 74 88 77 16 12 25 13 80 78 63 81 45 42 0 89 69 1 82 44 68 14 22 94 97 57 90 29 96 
7 10 90 72 26 56 35 86 31 3 57 91 99 5 53 71 81 63 55 95 19 65 64 23 28 85 24 74 44 36 21 54 39 79 20 80 29 59 83 0 68 9 17 27 43 6 61 33 34 77 92 15 50 89 25 69 84 73 40 97 42 70 58 48 4 12 94 88 32 22 51 37 49 98 38 14 60 67 46 45 47 96 1 66 52 2 13 76 87 18 11 78 8 62 30 16 82 41 93 75 
42 35 97 54 32 22 33 94 13 50 91 4 61 39 0 51 55 45 24 67 60 11 82 63 86 5 17 79 19 70 59 20 2 31 7 36 44 23 58 62 34 81 95 75 47 18 98 9 21 6 76 83 92 57 43 64 40 16 78 72 14 89 3 48 37 93 49 73 41 28 15 68 10 87 85 90 96 12 46 65 77 38 74 25 84 1 88 52 99 26 27 69 80 71 30 56 29 66 53 8 
10 17 95 77 40 68 99 34 93 32 6 54 85 86 94 69 52 55 12 29 27 47 42 63 83 96 5 28 80 75 97 51 25 56 64 57 53 87 61 60 26 11 66 8 74 43 58 44 89 35 84 15 82 9 72 0 81 3 13 65 98 4 18 62 92 33 19 36 14 90 23 20 7 78 24 91 73 50 76 2 48 67 70 71 39 59 38 30 41 31 49 1 45 22 79 16 21 37 46 88 
49 67 93 84 43 11 57 82 92 2 54 27 59 18 28 40 68 19 38 63 42 50 44 74 26 90 22 6 55 62 34 23 56 75 14 46 61 97 83 12 21 80 13 47 66 53 60 29 48 51 4 70 17 77 89 85 69 41 24 91 52 98 10 35 0 33 73 96 95 45 94 64 72 5 1 25 86 37 30 87 81 9 76 32 78 88 71 15 7 3 99 8 36 79 39 65 20 58 16 31 
14 60 16 68 11 49 86 74 15 67 95 77 41 25 31 56 4 54 53 59 7 52 22 98 47 28 58 2 75 13 89 57 45 18 72 70 97 96 36 92 94 63 71 37 23 73 26 32 62 3 0 99 55 69 21 6 1 48 43 10 17 50 76 8 91 80 34 61 93 35 78 24 87 46 38 84 82 20 42 29 66 40 79 44 88 51 12 27 19 90 85 5 83 64 39 81 30 9 65 33 
55 9 59 20 17 47 44 74 58 28 18 2 39 92 89 19 66 30 31 15 21 90 16 91 23 82 33 38 68 51 5 3 49 48 84 50 99 60 36 97 69 10 85 4 53 75 70 12 32 95 80 42 98 8 34 40 0 56 11 77 73 57 76 13 45 63 64 14 86 94 83 79 6 24 72 87 7 62 54 37 96 46 88 81 26 71 25 22 41 29 61 1 78 93 65 35 43 52 27 67 
31 6 62 12 44 38 43 32 85 50 8 22 95 4 11 5 93 57 98 73 68 30 10 99 82 48 78 13 24 71 7 42 67 37 15 81 91 80 47 1 77 65 72 69 60 46 51 55 34 23 87 25 0 2 54 84 45 18 96 33 39 19 97 28 63 26 49 61 35 66 56 70 29 64 83 90 92 41 94 58 27 16 89 52 79 21 20 14 74 40 9 76 3 17 88 59 86 53 75 36 
69 51 9 14 8 42 72 27 45 83 10 17 5 28 15 88 87 3 56 2 85 62 49 96 1 39 35 31 21 32 33 24 84 47 80 76 40 20 18 94 90 57 23 41 37 99 86 77 11 82 13 79 48 60 25 65 64 75 74 98 29 70 54 97 34 59 66 46 50 55 38 68 91 36 58 43 22 6 73 92 81 89 63 93 4 26 61 19 67 30 71 44 7 12 52 95 53 16 0 78 
47 29 30 82 19 73 13 37 56 9 21 43 20 35 7 88 76 68 87 89 55 14 48 26 10 92 63 11 41 16 70 72 85 12 5 79 6 34 84 2 36 49 69 44 54 97 38 71 60 81 91 93 66 33 52 67 65 39 75 86 3 25 61 90 1 31 8 95 4 27 42 80 57 64 40 96 83 58 32 98 28 99 22 45 15 77 94 50 24 46 59 53 23 62 0 18 51 74 78 17 
6 64 34 65 86 47 72 8 23 52 68 7 37 10 61 12 75 57 32 33 91 85 17 80 76 79 41 5 25 44 22 53 98 15 88 27 77 55 54 56 31 94 29 74 43 95 2 99 18 19 38 58 62 83 84 45 24 30 73 51 60 3 49 66 21 16 67 92 35 28 82 39 1 14 36 97 46 63 0 96 78 71 20 50 11 48 4 42 40 69 70 9 90 87 13 89 26 59 81 93 
69 44 45 78 21 40 56 97 54 5 7 8 24 52 74 51 26 12 15 70 25 43 55 73 77 94 23 14 72 37 93 33 59 0 53 4 90 39 28 38 49 76 98 22 79 95 20 57 99 91 50 63 88 80 84 96 87 62 92 46 29 67 9 48 42 32 19 75 66 85 34 41 30 47 16 89 36 6 3 86 17 81 61 2 60 58 83 64 11 65 68 18 71 1 13 31 10 35 82 27 
59 65 50 75 51 52 6 54 34 43 47 91 33 35 5 20 26 9 92 0 98 96 49 90 73 25 97 68 2 66 56 69 30 48 93 17 55 67 87 39 42 71 4 46 60 40 99 11 86 77 23 19 36 62 74 21 31 61 58 72 70 12 44 88 8 41 32 95 1 16 38 10 22 94 89 24 85 76 79 29 63 7 64 57 13 78 27 37 84 14 81 83 3 18 53 82 45 28 15 80 
89 11 20 77 82 76 72 40 60 91 52 33 51 88 66 83 65 7 28 36 9 18 84 70 99 68 85 58 39 96 37 24 80 59 95 78 12 21 64 30 45 97 0 49 26 22 5 81 44 27 67 50 98 79 94 8 53 6 47 14 63 10 2 13 90 17 87 55 29 3 61 92 32 48 57 16 74 62 46 25 23 75 86 38 41 42 19 15 4 54 34 1 56 71 69 43 35 73 93 31 
64 14 77 93 48 40 34 74 95 66 13 21 1 22 44 90 56 9 98 10 2 37 3 4 27 78 69 53 88 19 55 67 83 63 16 31 87 71 7 92 89 0 11 76 97 39 81 43 68 38 72 52 42 62 54 6 58 25 47 45 17 35 60 61 41 79 59 91 85 8 51 70 36 32 49 57 30 28 73 82 84 96 65 18 33 20 99 23 15 94 26 12 75 46 86 80 24 5 29 50 
45 21 30 38 76 16 70 23 85 8 31 80 53 55 83 81 87 65 57 94 97 49 73 17 84 29 6 75 25 22 98 88 52 36 71 33 72 54 40 18 13 44 99 86 34 90 14 2 77 26 42 63 11 19 78 24 51 60 3 68 35 1 66 59 96 7 62 61 28 12 69 64 58 95 39 41 0 4 27 89 56 9 92 47 15 79 67 5 10 74 32 93 50 37 82 48 46 20 91 43 
76 63 40 31 49 43 64 86 10 80 30 6 66 90 54 34 57 93 69 2 60 55 87 27 89 95 28 39 74 15 21 5 41 96 26 79 53 20 4 14 44 46 36 16 7 50 51 29 75 52 33 47 65 88 92 81 48 83 45 19 0 62 3 59 24 8 23 17 11 42 72 97 56 77 99 82 22 91 94 32 1 13 73 98 70 85 25 67 58 84 35 37 9 71 61 38 18 12 78 68 
31 30 47 57 17 28 56 26 40 5 86 15 48 69 62 95 46 63 34 6 25 27 67 99 35 20 89 7 91 37 10 49 8 52 64 29 87 39 98 72 82 24 1 79 61 4 42 11 94 78 65 14 93 45 59 22 84 16 3 68 33 96 83 88 43 41 92 66 36 51 77 18 12 53 0 21 23 97 19 74 81 75 13 90 76 32 60 70 9 71 85 58 54 50 73 2 80 38 44 55 
23 89 42 25 15 18 67 47 80 29 69 79 85 27 12 97 82 84 9 98 86 8 16 65 17 55 70 45 52 62 30 50 99 14 78 31 46 34 4 53 95 76 28 51 22 68 11 21 59 43 13 91 74 41 90 57 93 49 64 37 10 77 5 38 58 1 20 63 72 6 2 3 81 54 32 71 33 66 75 61 88 19 87 83 26 36 39 94 7 0 92 24 44 56 48 73 60 35 96 40 
55 56 47 1 42 35 37 57 68 39 86 8 93 49 54 40 82 90 20 19 59 94 53 81 65 14 23 36 74 50 97 66 83 63 85 98 28 52 60 73 95 11 46 76 44 16 12 70 89 21 62 2 10 7 33 91 77 78 84 38 13 87 61 9 67 96 15 18 4 29 71 88 99 27 32 45 48 80 72 43 58 6 92 34 17 3 24 0 69 75 51 25 26 64 30 5 31 41 22 79 
21 92 84 64 48 22 91 66 46 24 56 93 18 86 63 49 23 12 26 14 78 5 36 37 62 19 95 31 54 20 52 53 67 7 50 27 97 94 77 33 15 82 73 11 68 80 29 99 30 59 43 6 1 2 47 35 79 51 57 65 71 87 75 88 34 25 85 76 0 96 40 55 39 44 17 98 3 61 38 10 41 32 9 58 69 90 70 60 74 45 83 16 4 28 81 8 42 13 72 89 
6 53 51 76 31 29 99 33 45 1 10 44 72 64 88 23 83 49 18 85 50 86 3 2 13 73 94 9 4 28 98 62 36 67 12 21 43 30 16 5 68 75 90 96 15 95 69 79 19 65 42 81 84 26 40 78 70 48 66 93 22 0 54 61 17 77 55 8 71 24 35 80 27 82 46 39 92 41 74 58 63 38 60 57 11 37 25 47 14 89 34 52 32 97 87 20 7 56 59 91 
88 83 75 14 77 42 38 87 84 33 61 6 69 26 51 86 10 34 66 79 57 53 41 54 5 27 1 56 36 11 85 47 65 80 23 58 15 40 12 64 95 82 72 24 8 45 25 96 90 89 50 39 22 71 9 13 28 63 19 3 81 4 70 20 17 21 60 59 44 76 16 74 73 31 62 48 93 43 32 67 35 52 78 49 98 94 55 91 97 30 46 68 29 37 18 0 2 99 92 7 
69 38 30 44 1 93 72 7 20 56 11 34 32 76 66 57 78 28 64 45 63 89 12 81 22 67 23 5 61 35 98 99 50 4 77 9 10 2 18 86 71 0 70 46 39 85 83 91 37 95 49 21 16 42 75 47 41 88 13 92 33 48 80 68 54 55 26 96 53 62 36 8 31 94 15 60 73 90 6 58 24 51 59 84 25 52 17 29 79 65 97 87 3 19 43 40 74 27 82 14 
48 92 64 29 35 77 83 44 86 20 68 93 80 52 19 42 41 90 24 63 1 85 4 88 27 61 72 65 43 39 49 99 50 40 5 70 17 47 62 94 54 28 59 45 60 22 25 53 75 11 95 6 69 51 97 36 31 0 33 78 37 26 32 87 15 89 76 82 23 67 8 38 74 30 13 91 10 21 14 2 58 96 57 55 84 79 9 7 46 81 98 12 3 56 18 16 34 66 73 71 
68 43 72 69 15 1 65 7 79 3 18 24 31 16 54 22 14 66 80 96 5 42 50 61 52 0 64 48 99 89 82 27 34 97 83 85 95 55 33 37 93 59 46 36 57 75 29 19 32 25 47 26 70 41 76 11 92 56 23 9 84 2 60 40 77 87 88 28 53 8 63 35 44 38 45 81 30 71 67 4 6 20 62 90 73 94 74 86 78 21 39 49 91 13 51 98 10 12 58 17 
57 23 70 25 62 29 33 80 30 4 34 81 19 95 42 40 21 65 90 37 9 75 64 48 99 3 78 8 35 49 51 46 36 71 55 44 6 5 12 97 28 89 27 73 79 16 52 69 98 41 93 50 32 17 96 53 1 91 84 11 24 92 7 59 77 87 13 76 88 43 86 74 85 68 60 0 58 39 22 20 47 82 31 26 72 61 2 67 14 38 83 18 94 66 54 56 10 45 15 63 
2 41 60 87 95 31 34 50 14 28 38 27 93 51 18 19 55 89 78 77 25 12 81 6 15 36 21 86 82 23 72 45 52 92 90 44 11 13 85 99 5 74 62 59 1 26 9 73 33 97 91 47 98 68 79 10 30 39 4 54 46 70 83 0 40 17 24 3 29 61 58 76 32 84 42 53 7 65 56 67 80 43 64 57 16 8 37 75 48 88 71 35 20 66 49 22 63 69 94 96 
41 94 29 81 93 84 45 24 74 64 5 92 75 52 97 79 33 76 10 70 6 62 65 36 98 95 66 47 40 28 0 20 73 83 86 8 80 51 31 38 18 27 63 46 60 44 87 82 57 32 53 59 42 96 58 39 26 56 15 23 72 50 85 35 14 34 3 89 30 69 68 37 22 43 77 67 11 19 12 2 21 9 1 90 16 49 4 25 99 55 13 7 61 78 71 88 54 91 48 17 
24 4 67 11 44 20 16 82 10 9 83 92 37 95 28 70 31 25 27 96 74 22 40 34 36 32 3 0 51 2 72 45 89 41 77 94 42 76 19 98 63 79 39 55 71 30 88 81 7 17 6 90 48 18 14 99 50 60 49 56 43 59 97 21 54 46 69 29 57 87 33 84 86 73 52 68 13 23 80 15 66 78 47 93 26 12 1 75 91 35 8 58 64 65 61 85 53 38 62 5 
45 96 30 60 7 21 91 48 40 0 89 79 13 47 11 3 27 85 68 43 28 88 2 42 25 98 76 37 97 6 77 34 4 35 44 74 46 63 39 64 56 92 32 52 10 18 14 59 71 78 33 23 50 83 16 55 20 53 57 93 62 31 65 70 90 54 8 69 73 41 17 51 75 24 99 94 49 29 84 9 19 82 36 67 81 95 12 61 72 86 58 5 26 15 87 22 66 38 80 1 
0 55 5 53 6 92 51 45 15 1 49 75 90 38 33 2 76 78 16 26 85 65 34 21 36 97 19 35 59 25 11 12 64 67 96 94 61 14 17 20 89 37 73 24 52 74 44 69 93 57 98 80 30 9 48 72 81 71 63 3 28 32 43 42 56 99 82 84 23 66 31 10 39 13 83 79 46 41 86 68 8 27 40 91 18 77 58 54 50 7 47 29 88 87 22 60 95 62 70 4 
67 22 99 38 55 94 58 19 66 44 61 41 79 68 72 27 85 5 28 47 83 36 18 0 54 15 8 82 62 60 31 17 20 50 26 65 95 78 88 90 57 9 23 93 97 43 49 76 89 77 92 13 35 12 73 7 39 87 10 71 1 74 70 29 81 91 48 33 84 42 45 69 80 51 37 75 63 86 2 21 40 59 56 11 96 52 14 98 3 25 6 64 32 30 4 16 24 46 53 34 
91 52 14 96 95 72 67 42 77 84 23 0 53 16 1 22 69 19 25 49 63 68 20 37 33 30 31 36 46 28 2 6 73 48 92 60 24 78 41 58 80 17 86 62 87 83 3 32 39 29 34 4 75 15 79 61 50 38 97 85 82 27 51 35 21 74 89 56 26 71 13 5 76 90 10 98 7 66 57 11 12 65 54 88 55 45 59 40 8 9 64 47 94 18 99 43 44 81 70 93 
65 92 51 35 90 29 57 40 87 30 89 15 74 20 59 84 28 52 41 24 1 62 19 86 16 64 50 38 34 45 81 37 4 63 78 27 61 36 49 96 99 75 39 11 33 47 95 83 80 18 55 17 68 76 21 46 3 79 70 42 2 5 94 69 60 9 25 71 0 97 88 66 53 23 6 98 54 10 91 13 12 67 58 7 73 31 26 77 14 85 82 44 72 93 56 43 48 8 32 22 
70 24 88 89 97 71 32 81 27 93 56 22 83 90 42 62 20 85 18 35 98 5 67 65 4 94 30 16 79 46 77 99 7 41 57 69 78 12 68 8 76 9 87 31 74 54 28 64 55 3 29 72 38 48 36 52 47 59 43 17 80 10 44 53 49 66 75 50 13 11 45 23 60 14 82 92 2 86 34 84 15 61 51 63 21 1 95 33 91 6 73 0 40 96 39 26 58 19 25 37 
26 71 78 32 96 15 92 12 31 63 91 33 38 14 43 28 27 69 74 70 34 21 56 98 77 89 39 54 58 66 51 25 99 59 79 47 40 76 87 8 36 86 75 64 29 10 46 83 37 73 85 50 2 3 52 20 94 88 5 93 95 45 82 0 53 6 61 48 22 19 80 24 23 17 65 55 1 62 84 42 13 49 67 44 18 68 90 81 72 9 11 41 57 97 35 30 60 4 7 16 
41 3 0 7 39 13 51 97 29 65 58 42 33 21 23 62 36 79 34 85 95 12 10 57 93 90 17 1 66 26 92 11 72 32 40 28 74 2 60 76 77 19 35 87 81 16 8 82 94 63 99 27 9 20 38 18 84 89 44 64 88 31 59 86 78 56 61 68 50 24 67 52 48 15 55 46 71 80 49 37 98 5 30 14 6 69 83 96 22 47 75 25 70 43 4 73 45 91 53 54 
11 33 37 63 0 22 3 71 40 87 45 6 51 43 52 35 80 32 27 31 61 60 15 20 62 18 81 78 69 89 98 56 25 67 39 7 48 55 90 42 19 2 66 23 8 16 64 72 73 47 82 13 44 65 93 86 75 97 30 17 76 94 91 36 10 12 38 85 53 26 77 95 49 14 46 84 9 50 57 96 99 24 68 79 34 70 74 83 4 21 1 41 5 92 59 58 28 54 88 29 
32 58 88 49 11 31 93 35 34 8 68 4 41 80 94 15 47 92 91 82 99 63 64 76 29 77 85 71 2 70 90 17 38 5 62 97 24 37 36 69 96 13 20 61 56 53 12 44 42 73 86 52 7 55 45 39 22 0 46 23 3 98 16 59 72 14 40 66 95 67 28 19 6 25 51 79 75 27 33 84 65 60 10 87 83 54 18 89 81 50 78 21 48 57 26 9 1 43 30 74 
39 62 22 27 14 5 74 17 6 33 67 69 50 48 59 75 12 92 0 24 9 53 44 86 94 98 31 28 73 7 76 83 79 30 18 84 25 21 52 77 13 91 26 23 55 19 56 35 85 78 99 16 20 11 8 2 32 89 47 46 41 15 1 90 10 40 96 68 65 34 57 51 88 36 42 43 29 49 81 64 4 71 93 87 54 95 66 97 63 37 45 72 70 61 82 38 60 58 80 3 
99 9 33 17 60 30 52 29 24 78 10 50 25 4 42 84 22 87 16 44 37 54 55 12 5 83 65 35 14 51 64 34 90 72 96 97 31 85 94 79 53 86 82 98 92 67 69 27 93 62 28 68 61 49 19 58 11 71 77 48 43 18 3 6 1 75 36 32 41 2 88 74 80 56 66 76 59 26 46 0 7 8 91 45 38 20 81 13 47 70 89 95 57 73 15 63 40 39 21 23 
97 41 84 9 50 62 43 36 63 3 49 46 2 5 81 28 71 68 76 98 21 54 70 39 94 92 34 99 25 53 4 56 59 20 77 47 6 10 32 67 55 88 13 80 12 85 64 30 93 51 37 83 17 38 22 90 87 18 11 73 91 14 48 44 52 69 19 0 27 1 31 29 72 86 95 58 40 78 33 82 57 24 96 60 74 7 79 66 8 35 16 42 23 75 45 89 15 26 61 65 
0 8 28 4 19 96 93 94 32 38 20 61 98 35 69 62 23 84 5 66 43 2 48 97 16 95 77 34 65 15 24 54 9 60 88 33 17 72 42 26 56 70 51 37 45 10 86 67 99 11 63 30 90 85 40 50 36 44 41 49 91 25 6 47 71 27 53 68 1 57 87 52 76 78 29 55 21 74 31 82 58 81 3 59 12 75 79 83 80 18 92 7 73 89 46 39 14 22 13 64 
53 24 44 0 16 35 38 89 64 40 61 86 23 17 45 34 19 29 70 27 10 65 25 59 93 49 30 4 37 26 80 84 81 32 22 91 78 15 13 52 54 18 6 51 43 76 88 41 58 74 94 75 73 3 79 57 20 99 46 8 69 62 36 33 55 21 90 2 87 31 12 67 96 85 72 56 5 39 14 47 50 83 71 63 28 82 95 60 7 48 68 11 77 42 92 98 97 66 1 9 
55 63 78 0 12 91 50 41 40 87 94 10 79 85 96 74 36 38 15 45 21 28 26 32 7 68 93 77 67 99 57 34 84 3 53 51 31 62 97 29 86 11 6 27 61 13 8 95 30 98 60 39 89 83 44 73 25 66 90 37 88 16 43 4 52 14 9 81 1 72 46 58 19 22 42 24 20 70 17 23 47 33 59 92 65 5 49 56 71 76 75 18 35 48 82 2 80 64 54 69 
80 3 84 56 92 89 8 41 53 40 90 47 28 10 0 71 32 79 45 38 76 49 81 54 29 39 2 99 18 60 27 77 65 35 37 86 70 42 6 16 87 1 95 50 82 19 68 31 98 7 59 5 4 26 88 34 67 69 23 21 13 55 93 75 51 48 24 78 33 62 36 58 20 94 12 91 52 11 83 96 63 85 64 25 57 66 46 17 74 44 73 9 72 14 22 97 30 43 15 61 
19 61 73 62 38 59 26 80 66 41 57 89 15 79 98 63 46 17 97 0 1 65 20 5 52 68 96 58 29 67 76 87 44 28 25 83 23 43 74 93 86 54 10 75 34 91 16 12 11 94 90 85 18 72 56 69 6 3 51 95 31 88 39 22 13 7 48 53 92 33 37 8 9 21 45 24 71 42 32 55 77 81 35 60 78 70 64 4 99 14 2 49 30 40 36 27 50 82 47 84 
95 18 16 20 53 65 78 1 43 39 98 54 93 73 70 68 60 84 30 12 81 50 46 4 44 40 64 34 92 77 9 90 22 33 48 31 66 91 35 55 57 52 45 51 15 5 83 89 58 23 76 21 69 19 67 17 32 99 79 0 6 25 10 26 87 41 85 63 3 11 96 7 97 28 86 2 88 71 56 80 8 61 62 27 37 14 74 75 29 42 82 49 13 72 59 36 38 24 94 47 
20 49 84 26 14 29 47 56 9 97 93 7 11 37 3 6 51 73 18 32 2 42 25 88 69 5 57 31 85 46 60 77 94 90 96 13 10 87 63 39 50 78 8 38 68 35 22 54 4 1 99 23 71 27 33 83 53 72 59 12 91 76 66 34 58 89 24 41 44 64 30 0 48 70 16 52 79 74 45 95 62 55 61 98 86 17 19 75 40 43 15 92 80 67 81 21 36 65 28 82 
48 86 14 89 10 13 52 58 79 87 5 92 85 32 1 4 7 71 94 46 35 44 78 84 20 95 12 30 49 50 34 75 23 73 63 33 77 25 74 29 61 6 37 67 55 68 26 2 98 66 9 69 99 60 28 88 70 27 80 91 90 42 62 19 96 43 38 83 17 3 51 53 8 82 15 41 54 22 59 39 72 21 81 56 76 57 47 97 64 31 36 45 24 65 11 0 93 40 16 18 
30 96 25 56 60 73 26 44 79 49 10 83 85 81 87 39 52 98 78 32 62 46 31 65 82 58 66 37 67 51 8 9 13 80 54 16 28 48 72 20 17 88 7 27 29 93 33 77 55 92 64 97 74 41 2 99 43 75 94 34 42 69 76 95 90 53 68 45 40 23 22 3 35 86 36 91 63 61 14 1 19 21 18 57 4 24 84 59 12 0 70 15 5 89 11 38 71 50 47 6 
16 29 24 27 71 3 17 37 34 1 68 31 7 33 15 30 90 36 22 83 94 95 41 64 21 93 99 76 46 58 48 70 82 56 66 19 9 49 43 54 28 62 20 25 81 51 67 63 10 26 32 98 45 6 91 57 14 59 18 35 55 40 42 65 80 77 52 11 61 79 78 4 86 2 0 50 87 73 13 5 75 23 89 8 84 72 12 85 96 60 92 53 47 74 39 88 97 69 38 44 
31 44 90 18 63 65 29 86 92 81 89 97 24 12 61 94 91 41 39 88 43 69 72 0 83 46 26 67 56 51 76 35 13 23 82 80 60 79 96 93 57 33 99 17 32 34 30 28 50 55 10 4 54 52 5 38 84 64 74 62 2 25 98 48 40 58 95 73 15 75 85 1 7 8 47 6 37 19 70 27 14 20 68 87 66 71 77 9 36 11 3 49 59 16 42 53 21 78 22 45 
25 88 89 38 28 68 71 64 22 78 31 53 80 39 35 79 27 6 91 15 13 23 1 98 8 70 99 21 55 12 2 0 54 51 73 74 37 16 19 43 87 11 46 60 95 77 62 94 17 96 93 69 90 41 66 82 49 57 83 58 81 42 20 75 33 47 32 18 4 26 7 29 97 65 14 84 76 85 30 52 61 59 9 56 63 44 36 3 48 92 67 5 72 86 40 24 34 10 45 50 
55 18 5 16 46 45 87 30 40 44 10 68 59 86 73 83 20 34 51 49 93 57 66 76 37 17 50 47 65 32 78 81 21 97 0 31 24 39 23 91 52 25 36 99 53 42 90 79 85 60 61 27 98 69 41 63 88 75 62 96 64 29 6 71 33 22 84 7 1 82 72 19 54 89 77 12 8 58 13 11 92 28 26 14 67 56 4 9 15 35 3 48 38 2 43 74 80 95 94 70 
65 15 78 67 91 50 45 4 52 71 27 66 24 56 39 29 64 83 90 0 95 87 53 49 63 30 86 74 75 5 93 55 20 33 92 82 98 41 17 10 1 72 77 2 69 3 89 23 99 6 31 48 42 96 84 7 36 54 26 19 57 88 68 44 58 34 59 21 60 22 70 61 76 28 85 18 94 40 73 11 8 9 32 51 47 13 97 16 79 81 38 25 12 14 43 46 37 35 80 62 
74 30 10 15 8 97 28 33 31 87 17 5 90 39 67 11 88 82 41 49 0 72 12 64 43 62 19 57 76 35 7 9 94 23 55 93 44 58 96 86 78 89 50 51 4 71 2 27 66 52 80 37 84 46 1 69 3 85 53 40 70 22 83 47 79 95 20 59 24 16 92 18 65 6 32 60 29 42 56 98 36 25 63 73 13 75 81 48 21 77 14 38 61 91 26 68 45 54 34 99 
80 74 62 31 93 33 36 3 45 90 35 41 61 46 97 19 29 56 67 39 94 76 55 12 92 25 87 6 77 58 66 1 14 34 4 27 0 16 9 32 48 99 75 17 63 10 38 85 50 49 88 11 72 15 21 42 7 26 52 84 65 24 78 83 57 54 91 51 43 64 79 47 60 2 81 95 28 22 20 73 53 70 8 96 37 68 86 18 69 71 5 89 98 44 40 23 30 13 82 59 
80 78 62 97 71 91 96 79 26 73 49 43 34 68 82 8 28 86 40 74 33 54 94 89 77 99 6 12 17 47 23 0 3 58 56 27 55 36 22 44 20 69 31 48 87 64 67 16 5 66 84 14 30 35 29 13 65 95 24 51 85 72 60 46 42 61 57 92 11 53 63 75 45 18 32 83 88 70 15 52 81 37 39 38 41 10 2 90 7 25 76 1 19 50 93 98 4 59 9 21 
30 68 48 19 87 99 15 26 21 42 1 9 81 2 18 60 91 0 79 41 94 35 52 78 11 90 53 89 71 4 7 22 32 86 5 75 31 50 47 58 57 82 36 97 72 37 69 83 56 14 65 44 43 49 38 12 40 92 73 93 80 98 27 62 55 3 29 28 63 85 24 66 8 6 84 25 76 33 59 61 46 13 74 23 96 34 51 54 16 39 10 70 67 64 17 95 88 77 20 45 
27 52 99 70 58 3 50 15 86 32 28 87 57 34 5 39 90 51 0 30 73 40 20 36 8 11 80 37 23 18 97 78 17 88 38 24 42 26 65 95 83 68 62 21 67 64 41 76 60 13 19 55 33 56 82 79 74 69 6 61 59 22 10 44 91 16 53 89 31 85 94 35 46 77 81 45 7 98 75 66 63 71 72 9 14 29 48 25 84 47 2 93 12 1 92 4 49 54 43 96 
29 58 91 44 42 64 63 92 24 9 77 69 34 21 26 16 78 76 41 84 72 11 95 32 87 18 38 50 8 90 75 89 61 73 81 56 99 30 53 59 33 13 51 88 40 94 10 25 3 17 86 12 20 49 27 74 66 31 68 55 43 65 80 15 28 46 23 96 37 4 5 19 6 85 36 57 52 7 39 62 47 70 2 93 60 82 35 14 79 67 83 48 45 71 98 97 22 1 54 0 
48 9 6 41 19 4 98 31 17 79 10 96 54 60 47 91 11 26 49 64 66 84 75 2 14 59 68 80 88 82 24 56 33 99 53 83 20 1 43 69 90 94 5 15 25 34 21 87 78 32 3 13 51 81 40 93 0 62 70 38 63 37 45 58 39 42 52 86 97 50 71 72 74 30 7 77 95 29 76 16 92 35 46 22 44 89 12 57 27 85 67 73 18 23 36 65 28 61 55 8 
70 59 55 97 18 7 44 62 42 51 66 40 16 11 54 17 9 63 36 45 23 92 81 0 99 61 95 56 3 4 14 86 32 90 24 6 89 1 31 57 38 52 80 94 5 98 96 43 41 20 48 76 50 77 35 34 82 74 67 88 69 75 87 49 93 72 83 33 91 65 21 15 8 78 19 39 10 46 13 47 30 37 73 79 58 71 26 29 28 2 27 53 12 25 60 22 85 64 84 68 
73 23 44 14 91 63 53 35 18 12 45 46 37 82 84 87 21 48 22 85 72 28 32 78 61 27 10 17 31 58 64 86 9 93 30 24 47 25 42 38 80 6 43 51 54 4 39 41 29 67 56 62 34 7 74 13 55 96 69 76 90 92 16 83 65 60 26 3 66 1 15 97 68 99 79 75 70 19 57 71 8 88 20 94 50 5 0 95 59 36 49 52 11 40 81 77 33 98 2 89 
25 14 71 58 70 15 51 93 91 12 81 29 52 59 0 4 86 77 6 90 92 69 42 35 28 18 82 5 73 19 45 65 64 89 66 50 67 87 99 53 60 85 36 84 88 72 33 97 3 2 39 95 57 22 49 79 55 34 96 74 78 61 17 21 9 37 76 98 94 46 75 63 40 32 1 48 7 54 24 27 11 83 68 10 8 62 43 38 30 26 47 16 31 80 13 41 44 23 20 56 
15 41 63 88 18 35 69 30 70 27 99 98 12 47 74 57 65 68 0 14 50 28 56 38 86 55 96 5 25 84 53 36 43 51 10 60 85 75 2 23 54 34 32 13 49 59 67 24 62 90 19 71 45 77 93 29 73 94 97 82 21 6 92 39 46 78 9 76 89 37 72 42 64 26 33 3 7 48 11 44 91 20 17 1 80 81 79 4 31 61 16 22 40 52 87 83 66 8 58 95 
59 63 46 87 11 81 52 24 85 69 33 99 70 58 78 75 0 21 62 29 14 83 36 97 5 80 50 40 18 12 31 25 27 61 76 10 88 57 98 17 9 45 28 94 6 71 95 26 4 7 2 55 8 43 65 47 37 19 72 49 34 1 66 68 30 15 16 73 74 92 90 91 77 32 39 56 51 44 35 96 67 89 93 22 48 82 41 53 13 64 60 84 23 20 86 54 3 42 79 38 
16 83 12 67 61 91 7 68 49 10 2 0 44 1 98 39 63 30 62 55 93 13 19 18 89 43 69 80 17 73 70 5 56 84 78 54 3 96 28 35 50 24 20 40 8 25 76 6 57 64 48 74 22 45 47 14 81 58 92 79 29 11 59 51 85 95 99 32 75 4 52 33 9 86 97 21 15 88 41 71 65 53 38 37 60 87 27 36 94 72 23 77 90 26 82 34 46 42 31 66 
81 84 20 29 80 28 14 26 54 77 70 49 22 68 56 6 95 72 85 60 2 76 44 47 17 82 55 37 4 32 78 12 39 46 59 40 3 89 25 99 41 24 98 34 9 15 0 71 61 8 63 30 45 67 43 38 96 75 18 65 91 87 93 52 7 48 16 94 90 69 10 5 64 36 42 62 92 1 88 73 33 53 66 13 27 11 97 74 35 83 51 19 21 23 79 31 86 58 57 50 
41 34 16 26 93 22 67 63 64 47 92 19 12 76 46 78 72 81 4 13 59 44 2 53 79 52 77 97 30 31 90 87 96 62 20 85 55 33 18 99 40 17 42 6 38 23 73 45 83 3 66 69 15 8 88 24 80 43 91 94 51 29 1 86 32 98 36 56 74 71 89 0 48 57 7 61 95 28 14 54 39 50 35 70 25 10 60 84 58 65 9 27 49 21 68 82 5 11 75 37 
31 81 77 13 65 46 33 82 99 88 5 52 90 68 21 18 71 78 28 24 49 96 64 62 0 34 91 41 61 54 20 74 29 37 48 66 51 42 58 60 12 85 44 70 86 75 69 40 32 8 56 27 50 94 87 2 38 98 63 16 57 11 83 14 72 55 84 80 15 59 67 17 35 76 25 3 89 36 97 45 95 26 23 53 4 30 92 22 9 43 39 19 93 7 6 1 47 73 79 10 
70 40 13 32 34 67 37 61 50 42 15 92 95 44 47 53 74 21 26 81 54 28 25 99 87 39 33 45 12 62 64 58 56 1 8 76 29 71 57 69 98 48 35 86 6 88 72 60 38 84 52 85 77 18 11 27 65 0 4 24 5 80 3 63 31 83 93 78 7 82 10 68 20 22 2 59 9 89 30 41 19 96 49 23 91 46 43 16 14 51 36 66 75 17 79 94 55 90 97 73 
47 55 76 7 28 21 20 46 99 48 61 68 35 62 32 37 89 73 5 9 63 45 39 51 12 19 24 36 10 66 13 85 94 42 65 81 23 0 14 90 16 72 44 59 67 49 4 58 30 69 82 96 86 3 41 77 38 29 52 60 8 74 93 97 26 53 50 2 75 57 54 11 18 64 40 95 15 70 92 79 17 27 6 25 78 33 22 88 71 91 56 80 83 34 31 98 1 87 84 43 
47 70 63 86 32 34 22 2 80 90 92 93 49 7 53 69 31 6 52 10 99 79 35 4 88 24 94 65 8 77 89 78 38 48 13 20 28 27 25 87 91 76 26 73 14 82 84 68 96 55 16 29 1 15 12 66 39 97 64 9 75 18 46 0 54 37 45 81 42 41 57 23 33 60 43 62 17 61 11 95 83 36 40 72 19 5 71 59 85 58 21 67 98 50 30 3 44 74 56 51 
42 8 49 46 59 94 47 61 6 50 53 83 90 84 23 3 82 54 26 20 92 24 74 77 29 80 4 71 22 99 33 96 70 60 81 34 5 69 65 66 98 39 97 67 16 37 28 30 87 52 62 95 93 32 85 45 41 36 55 7 68 25 10 48 19 58 78 44 56 14 31 57 1 76 12 35 2 79 73 91 51 21 15 63 75 72 43 13 64 9 11 18 86 27 89 17 40 0 88 38 
70 57 23 39 83 42 3 82 36 31 94 22 20 16 9 21 10 43 34 65 12 32 35 40 27 45 47 89 33 92 69 62 1 0 17 67 26 98 99 49 56 53 66 13 38 95 88 93 37 4 97 30 14 76 80 58 11 15 79 28 91 51 84 44 48 74 78 29 54 86 87 52 18 6 7 24 50 25 2 68 85 55 60 90 75 59 71 73 46 72 64 77 61 63 5 81 19 96 41 8 
79 61 96 15 83 45 35 58 46 95 54 85 53 47 18 67 21 36 41 31 63 97 39 14 91 10 80 9 64 38 22 0 78 2 98 68 86 77 57 81 12 16 34 49 4 65 71 42 3 52 55 28 40 33 7 19 50 11 89 48 76 69 59 27 93 56 37 13 62 6 70 66 20 23 44 32 84 99 43 17 8 72 92 29 1 74 87 94 5 24 75 88 51 90 30 25 26 82 73 60 
83 65 34 93 90 52 43 61 17 86 62 32 58 85 55 97 1 18 3 10 69 99 5 19 28 47 33 88 11 49 76 79 9 56 81 26 20 98 50 66 6 7 95 53 13 84 14 64 42 96 71 35 4 16 36 15 31 27 78 25 39 87 8 75 48 24 92 22 59 44 72 38 45 12 29 60 68 23 2 77 70 89 80 74 73 91 41 63 30 40 0 51 94 67 37 21 57 54 46 82 
7 90 29 46 55 45 54 48 38 85 80 66 62 82 56 31 72 42 25 84 10 52 76 83 17 32 60 13 73 1 78 0 27 92 93 5 14 16 69 33 3 50 99 96 68 39 98 51 57 19 22 77 41 70 2 20 64 24 4 79 9 53 35 91 49 59 11 8 23 81 28 21 86 89 95 67 34 15 75 94 88 65 63 58 71 44 40 97 30 37 18 43 6 87 36 47 61 12 74 26 
33 5 24 22 8 64 75 26 56 28 13 67 48 77 99 90 53 42 87 96 73 95 88 3 97 31 68 37 20 44 15 93 84 12 80 34 1 57 39 89 72 81 71 16 86 25 0 23 55 83 40 17 38 63 41 29 49 10 54 61 70 2 11 36 78 9 79 19 65 74 52 14 94 30 7 51 4 45 50 27 18 92 6 85 76 21 59 58 60 43 98 46 35 82 69 66 91 62 47 32 
30 78 46 81 90 45 74 47 95 65 71 9 34 61 80 36 67 40 86 53 94 12 77 42 83 55 21 76 70 56 24 49 10 15 8 14 99 96 50 28 88 62 29 16 19 89 18 60 23 25 38 92 26 44 17 7 68 97 51 87 31 85 52 59 48 72 37 66 4 57 43 91 73 93 98 13 11 69 0 41 84 27 39 32 2 63 58 1 3 33 20 22 6 35 82 5 75 79 54 64 
28 98 10 87 0 19 60 4 68 72 73 17 49 88 97 22 21 45 71 74 82 24 23 44 52 84 76 70 25 92 41 94 15 64 85 56 29 65 57 80 13 83 50 51 59 90 67 9 27 46 1 30 18 39 75 55 38 54 91 33 61 6 2 35 42 37 78 20 99 40 93 47 5 32 36 77 86 11 26 16 53 69 12 31 34 58 43 96 63 81 79 66 8 7 3 95 89 62 14 48 
27 34 43 7 97 52 15 84 55 48 74 25 29 4 36 42 89 10 53 35 93 99 76 30 88 60 79 72 33 86 82 98 31 17 45 38 71 77 37 9 46 11 78 28 73 18 91 6 80 16 14 75 40 59 94 87 49 1 44 61 57 69 92 56 21 19 32 47 39 0 13 12 20 62 50 67 5 81 85 58 65 64 2 24 3 70 26 90 66 68 63 8 23 41 95 51 22 83 96 54 
29 18 64 81 71 72 26 41 93 61 78 42 25 70 14 52 85 46 44 40 3 50 63 77 60 67 36 58 16 69 20 76 94 47 45 10 65 6 83 55 79 15 21 8 51 99 7 30 37 28 88 24 17 19 31 4 86 96 97 11 74 95 13 43 22 91 5 35 92 68 62 57 98 73 32 66 87 90 49 82 27 9 33 89 48 54 38 75 2 56 0 12 59 80 23 39 34 53 1 84 
50 61 59 5 29 8 3 94 58 16 32 35 75 4 44 25 51 23 52 73 41 99 92 27 56 36 80 71 82 31 89 17 76 85 62 37 86 34 66 30 15 39 43 9 90 18 28 42 24 60 74 26 12 21 7 84 53 46 47 63 33 81 57 88 72 91 19 2 45 11 20 64 70 65 93 10 40 79 48 69 49 68 87 0 1 22 98 83 78 77 54 38 67 14 96 13 55 95 97 6 
21 56 57 66 76 84 13 71 69 97 39 31 61 74 6 26 60 99 81 86 70 85 0 5 65 46 8 50 87 18 3 92 1 90 52 82 49 42 98 32 27 73 75 79 83 63 55 40 29 25 88 89 62 24 28 95 47 41 37 23 4 15 64 14 36 44 20 19 91 59 43 80 93 34 12 96 11 9 38 16 68 72 53 67 51 94 45 2 35 30 22 10 54 78 58 48 17 7 77 33 
4 21 94 77 81 35 53 5 32 15 98 59 24 71 39 2 1 51 38 29 50 36 79 17 89 46 7 12 69 90 22 30 60 49 76 74 57 63 28 37 20 3 86 6 67 72 14 95 91 48 62 66 88 83 27 80 42 45 85 92 25 84 26 10 64 78 65 43 34 9 73 52 68 8 13 11 87 47 56 31 96 58 75 82 70 41 0 44 18 33 97 93 23 40 54 19 55 16 61 99 
6 54 94 87 26 14 59 96 80 24 12 28 9 21 70 60 36 91 76 29 72 49 13 4 27 67 98 17 82 43 51 69 7 63 2 55 62 20 10 86 33 31 22 16 79 77 41 71 89 39 38 35 47 37 30 61 93 0 25 99 32 57 44 50 95 19 74 56 5 8 64 81 85 78 68 92 46 88 42 34 52 45 97 23 75 84 15 18 53 48 83 11 1 58 3 90 73 66 40 65 
55 74 7 47 84 75 6 8 96 89 43 42 73 9 25 86 97 64 29 80 5 92 3 95 17 34 16 1 19 68 49 59 78 46 65 37 60 83 13 41 20 98 90 33 27 85 22 91 2 72 94 26 99 88 76 69 40 32 4 0 70 53 58 44 12 63 45 77 57 61 48 54 21 11 30 66 23 56 62 51 38 28 39 24 50 10 14 35 87 67 82 52 81 18 15 36 79 93 71 31 
69 53 83 2 13 87 27 25 96 99 89 16 78 40 45 67 80 1 73 63 54 31 90 68 4 62 3 95 51 50 65 28 30 7 29 21 33 88 32 15 86 55 60 49 85 0 20 58 77 17 64 66 38 56 24 81 26 75 57 34 46 82 22 84 47 61 92 18 91 59 74 97 9 39 70 41 94 11 76 52 71 12 19 10 72 93 36 35 6 48 14 44 42 79 8 23 98 37 43 5 
79 20 73 2 21 88 69 43 56 16 42 33 40 57 80 49 45 23 13 52 89 81 1 62 47 96 65 30 85 32 36 71 37 58 66 98 26 84 55 22 64 86 61 97 77 34 75 39 67 9 25 83 91 6 48 38 11 82 12 54 78 14 51 63 24 8 87 74 59 93 28 68 53 70 35 31 0 15 90 92 50 76 5 60 3 18 72 46 99 17 4 41 10 95 27 19 7 94 29 44 
88 29 18 33 25 73 94 86 17 34 72 43 80 45 36 52 56 97 99 69 53 37 57 50 79 91 32 2 22 13 70 16 54 8 23 74 92 48 7 75 49 85 26 65 19 55 67 6 20 51 95 44 82 61 15 60 31 11 81 4 77 10 76 28 3 98 59 84 64 58 41 40 71 42 38 90 21 24 66 35 0 62 93 1 87 30 78 89 9 27 68 5 12 83 47 14 46 96 63 39 
47 45 4 74 77 76 25 68 56 40 3 98 1 91 26 64 53 24 18 41 11 86 81 85 71 65 32 30 34 8 60 84 69 12 0 99 16 92 79 48 82 63 29 27 49 35 23 61 70 89 14 66 17 43 51 20 39 78 13 50 96 83 72 42 54 38 80 59 67 15 6 33 90 87 9 97 88 36 75 55 93 57 37 22 58 62 2 46 95 31 5 7 52 28 10 94 21 73 44 19 
74 76 39 2 28 98 69 40 68 10 30 64 26 3 38 0 66 1 49 11 85 9 17 87 82 21 61 72 45 16 97 13 34 44 96 12 67 42 58 6 71 50 84 59 43 46 47 53 94 37 80 52 56 25 99 24 86 8 22 7 32 73 60 48 20 77 18 79 92 70 54 51 41 75 89 27 95 78 23 35 4 91 33 63 36 83 15 14 5 31 90 88 93 81 29 19 55 65 57 62 
59 20 7 64 29 70 47 78 10 82 90 32 15 67 50 21 13 76 93 49 84 71 63 1 57 68 88 79 36 42 2 95 6 19 11 48 72 66 30 14 46 3 40 35 83 62 61 89 96 45 28 37 34 91 60 18 27 33 17 92 56 23 9 5 22 16 51 0 73 81 94 74 55 24 39 58 8 4 85 99 65 77 75 44 53 54 80 86 52 43 25 87 38 12 26 69 97 98 41 31 
22 49 33 63 90 56 73 38 97 68 17 67 51 23 0 82 1 60 99 57 26 8 40 48 16 42 79 80 39 78 94 11 74 92 65 35 76 62 12 4 13 87 3 93 98 59 52 6 45 47 72 66 61 37 96 31 14 58 44 34 46 95 91 89 36 41 21 7 77 2 50 24 85 10 86 83 84 53 81 20 75 25 27 18 54 55 71 28 19 32 29 64 5 43 9 69 70 88 30 15 
10 23 88 21 57 25 1 91 13 9 89 55 35 99 2 40 74 48 12 11 38 81 61 8 70 50 18 31 85 15 14 46 62 77 26 75 82 19 3 67 83 84 52 7 30 56 0 41 22 44 68 4 60 6 20 27 39 96 36 28 45 53 92 17 87 76 54 65 49 79 33 63 66 51 47 72 97 78 42 37 43 58 90 86 29 16 69 93 59 24 80 71 32 5 95 98 64 73 34 94 
6 98 8 95 66 69 52 64 15 29 87 81 14 67 91 65 68 37 16 77 76 54 86 59 30 82 61 60 19 11 25 28 4 99 89 32 46 26 40 57 62 38 48 27 10 39 0 17 70 78 85 92 24 53 5 44 13 23 55 73 21 88 58 22 56 63 97 20 90 1 72 43 51 33 34 74 49 42 41 45 47 2 9 71 18 75 3 50 31 36 79 84 94 96 7 80 35 93 83 12 
20 62 14 99 57 86 1 42 3 50 43 90 66 26 12 88 23 72 94 32 95 78 58 22 51 63 68 83 21 7 16 38 30 87 0 96 6 70 75 33 13 29 45 5 40 79 93 41 2 4 31 34 17 52 44 81 98 74 47 61 92 9 48 54 15 85 84 36 65 24 37 27 19 18 82 73 46 55 69 49 56 97 8 10 11 39 89 25 80 28 67 64 59 35 91 53 76 77 60 71 
35 23 28 87 92 89 50 83 38 39 67 74 42 86 2 44 64 88 8 57 58 33 5 61 97 52 66 36 95 63 94 78 3 51 69 73 32 11 72 84 81 68 7 31 19 21 60 75 71 55 99 20 93 9 22 62 12 27 54 40 41 43 10 30 4 14 90 65 79 98 49 34 47 18 26 70 59 17 25 16 53 29 45 96 6 56 46 37 77 1 80 76 91 15 82 85 13 48 0 24 
71 82 74 61 17 24 28 5 36 78 8 88 93 35 92 2 34 21 72 97 3 47 89 39 12 84 49 7 94 55 44 50 54 56 85 41 59 33 63 26 9 25 13 66 20 31 16 65 95 69 86 23 58 22 80 18 30 11 75 77 98 32 91 60 40 48 38 73 99 29 53 4 96 43 1 64 90 46 83 0 37 79 27 87 52 68 19 10 76 6 57 42 67 45 62 51 70 81 14 15 
0 58 30 25 28 35 51 42 43 38 4 65 57 95 23 79 34 47 26 48 62 20 59 98 88 90 72 49 83 80 84 1 74 82 37 66 41 85 17 97 61 31 11 70 13 22 14 75 63 60 81 7 33 18 52 8 40 78 92 68 12 94 87 9 2 86 53 93 36 27 15 3 54 24 50 39 99 5 76 89 71 77 10 56 67 6 44 73 19 91 16 64 69 45 96 55 32 46 21 29 
44 17 89 47 13 20 46 34 25 66 99 11 69 65 52 95 70 81 43 78 45 75 93 97 28 7 71 82 84 21 31 8 68 32 12 74 0 6 57 92 22 60 83 98 87 55 63 19 79 36 30 72 58 61 40 48 56 23 90 49 51 15 16 64 85 54 73 50 38 2 35 18 27 29 39 14 24 53 88 67 76 4 77 26 9 10 37 5 1 86 80 91 96 94 41 62 59 3 33 42 
39 21 83 49 18 41 24 23 56 60 89 22 27 29 62 85 26 69 86 88 81 47 38 14 76 35 6 44 92 16 11 8 1 13 95 25 71 97 51 5 84 4 53 57 75 55 42 0 96 7 74 10 17 33 87 99 78 50 15 40 90 54 43 68 19 46 77 36 28 58 82 64 9 31 79 67 61 63 98 66 80 70 32 2 59 93 37 20 72 30 34 94 3 12 45 91 48 65 52 73 
95 65 3 34 70 58 19 75 85 40 97 72 33 44 38 83 63 47 87 89 56 64 96 66 16 26 6 5 43 36 91 69 20 4 9 22 17 39 24 30 14 68 54 76 18 59 35 29 49 88 62 23 10 52 42 51 0 78 1 48 8 53 25 55 37 77 79 67 57 31 71 12 90 99 94 84 45 82 7 92 32 21 80 50 81 28 27 73 11 60 46 2 13 15 93 98 74 61 86 41 
20 69 54 60 52 7 26 89 93 87 92 45 33 59 91 34 51 17 28 6 48 74 62 5 42 19 22 11 84 86 85 30 88 72 0 53 10 31 66 21 29 12 35 68 70 46 36 90 37 8 4 97 41 99 79 55 27 56 18 32 77 81 94 78 38 13 76 75 23 44 14 39 64 25 1 40 82 57 58 67 73 61 96 24 71 80 2 63 83 9 50 3 43 16 47 98 65 15 95 49 
83 84 50 6 56 10 78 79 53 41 16 55 68 82 20 73 88 94 38 33 69 58 30 59 18 89 62 51 9 72 2 40 22 85 43 21 99 29 71 66 4 42 1 61 24 26 19 95 23 63 25 64 92 5 46 7 80 13 87 52 67 47 12 91 32 15 76 17 0 74 11 90 36 98 39 14 57 35 70 45 65 31 77 75 27 8 44 3 60 81 37 97 96 28 93 34 54 86 49 48 
34 19 88 56 80 10 60 64 51 75 43 93 6 17 53 27 30 9 87 55 49 68 73 20 65 13 98 52 37 12 62 96 77 54 92 2 5 59 61 91 66 71 81 33 89 8 84 28 25 36 16 18 90 58 35 32 76 15 42 69 82 24 83 39 22 7 14 11 48 47 72 63 67 78 94 44 85 46 50 40 41 0 31 86 95 4 97 3 23 45 70 38 26 29 57 1 74 99 21 79 
84 52 96 71 22 76 36 87 5 21 68 78 51 1 59 89 81 34 15 12 67 83 4 26 56 11 61 13 41 54 94 80 6 85 31 58 57 28 74 88 33 30 75 19 37 48 49 14 16 82 65 72 18 66 29 79 99 9 42 39 50 32 25 46 92 93 20 23 45 60 3 95 98 53 24 73 64 17 55 62 35 86 69 8 27 91 44 97 43 63 38 47 10 2 70 0 90 77 40 7 
28 14 18 97 88 37 62 76 78 92 50 61 49 30 3 95 5 90 82 19 69 45 16 56 75 27 10 48 32 2 34 86 53 81 39 93 71 8 43 11 65 29 1 15 77 36 25 66 24 84 94 47 91 63 79 55 9 54 72 70 64 83 57 23 99 96 59 13 98 73 85 67 12 31 21 80 87 0 58 6 7 17 51 38 40 60 74 41 68 33 52 89 35 42 26 20 44 4 46 22 
2 63 44 32 73 14 92 18 96 45 80 75 90 0 71 22 57 68 77 48 35 83 33 12 29 50 87 89 85 84 59 52 56 1 41 93 23 99 53 42 8 24 19 4 26 95 49 30 11 15 7 3 16 17 13 91 61 37 70 74 40 72 60 39 36 82 27 38 21 25 47 79 46 10 88 28 81 43 78 62 54 97 65 9 67 98 20 6 69 66 5 55 34 94 86 76 51 58 64 31 
54 60 30 92 19 48 85 32 0 8 62 95 71 51 44 78 39 87 27 86 66 59 7 55 16 21 1 90 35 72 56 14 91 79 12 63 98 28 88 24 37 40 4 29 57 5 17 82 15 43 50 68 18 41 83 61 13 9 67 97 36 76 93 34 20 45 96 42 26 99 49 70 69 64 23 94 25 11 58 31 38 81 65 53 80 73 47 46 3 84 52 33 77 74 6 22 89 75 2 10 
40 3 80 11 38 12 81 63 76 56 15 85 28 54 50 65 61 45 17 93 34 94 4 51 97 2 9 92 23 1 71 53 58 91 86 47 30 19 18 69 59 82 13 25 75 66 57 41 6 95 79 37 36 8 44 83 96 21 20 42 48 29 78 70 22 7 77 10 49 68 39 27 60 52 99 31 90 72 62 16 24 43 84 32 73 88 5 26 14 0 89 67 35 55 64 46 74 33 98 87 
63 89 90 99 13 71 80 52 81 50 54 14 45 41 60 79 8 19 34 93 74 64 66 92 49 0 73 15 30 10 26 17 57 84 5 62 48 1 59 20 29 94 55 61 77 72 40 2 6 27 33 11 32 46 3 51 98 76 36 21 37 88 86 44 91 82 7 23 65 56 39 75 28 58 53 95 69 85 96 78 97 12 35 42 68 22 31 38 9 83 47 25 4 24 43 16 67 18 87 70 
58 56 84 0 43 14 96 85 39 23 74 73 70 44 35 83 2 79 93 75 31 78 7 63 11 91 6 25 81 99 92 36 86 57 26 98 27 30 46 9 54 28 1 64 37 89 24 72 80 68 52 49 88 53 87 15 67 95 45 62 66 97 82 47 21 65 71 18 38 48 3 94 29 33 40 5 69 20 90 4 77 12 17 61 8 55 50 16 32 60 19 22 10 34 76 13 59 42 51 41 
60 54 36 81 10 42 82 18 30 3 38 52 50 99 23 5 75 90 59 61 41 21 95 69 9 64 55 26 32 98 70 83 51 0 89 76 24 94 66 4 71 80 17 96 37 8 47 91 79 85 74 97 63 43 12 58 25 49 19 6 53 93 92 86 2 84 11 77 67 1 56 7 14 68 28 35 13 27 31 29 20 78 22 34 48 65 73 45 16 46 57 39 33 62 15 44 87 88 40 72 
13 99 81 9 49 33 55 46 57 72 25 32 89 84 51 86 19 29 77 10 15 0 44 68 67 65 14 11 54 74 53 82 36 64 76 6 63 4 24 21 22 78 88 87 47 42 93 50 16 98 62 40 8 38 30 45 94 83 5 66 2 39 17 92 52 35 27 95 71 41 37 28 96 26 60 23 90 7 18 58 73 34 3 79 56 48 12 97 31 61 1 80 69 70 43 59 85 91 20 75 
29 49 22 44 40 60 23 85 0 43 55 74 28 72 38 25 11 45 20 77 48 9 90 33 83 98 53 4 71 78 41 26 76 51 92 12 64 54 93 5 27 46 82 59 42 47 50 32 61 62 75 18 14 21 52 94 73 1 81 17 67 39 70 68 80 65 91 35 57 96 2 10 79 87 8 13 97 37 19 69 89 6 88 16 66 86 24 3 84 30 34 31 56 95 15 7 99 58 63 36 
15 96 27 53 12 92 93 97 48 46 51 90 56 50 17 73 31 35 77 42 52 68 69 30 8 89 80 79 20 72 81 3 4 43 44 40 7 28 57 76 60 21 62 6 99 32 87 70 9 47 36 33 45 37 95 59 1 71 16 82 10 55 98 18 38 5 14 13 49 41 67 66 2 88 86 23 65 0 75 22 11 34 78 19 58 54 29 39 91 94 25 24 83 61 85 84 63 64 74 26 
83 28 23 79 89 20 12 1 26 3 24 96 45 27 30 29 90 34 35 38 42 32 18 75 61 16 70 65 78 67 4 40 5 82 92 58 91 31 64 59 80 62 17 76 47 95 74 49 15 46 0 55 50 54 22 69 88 97 41 2 56 51 57 73 52 36 48 13 25 68 7 11 8 86 44 77 39 10 94 93 37 6 99 71 84 33 81 63 53 21 85 43 66 19 87 9 72 60 14 98 
53 40 99 49 21 16 43 62 92 25 60 71 78 46 93 76 85 48 7 54 95 34 33 2 86 0 50 35 15 29 66 61 5 26 89 18 1 84 11 57 83 12 38 4 73 87 81 77 98 52 17 75 74 79 28 39 19 55 47 51 30 37 23 14 6 90 36 65 96 10 45 56 80 63 70 82 31 42 64 41 59 9 67 72 32 69 88 97 13 3 94 24 44 20 27 91 8 58 22 68 
90 83 27 87 15 59 4 31 2 50 44 89 71 55 42 5 43 11 37 66 7 51 6 22 69 47 81 46 64 72 77 70 53 34 68 14 92 23 91 88 21 65 48 63 8 41 24 16 36 78 86 96 13 1 28 40 17 26 76 73 95 19 84 38 12 49 67 9 10 60 85 32 97 82 54 0 35 29 93 45 58 56 99 98 61 20 79 39 52 57 80 33 18 62 30 74 94 75 3 25 
2 39 64 67 72 38 51 30 70 55 23 24 15 65 18 86 0 10 53 93 22 85 56 47 60 14 76 49 58 96 59 31 99 7 54 78 3 27 28 82 92 9 77 44 12 41 74 61 90 35 16 36 6 63 57 5 89 33 8 29 95 32 34 43 46 1 66 19 52 45 25 80 73 48 42 50 26 21 97 81 94 62 98 88 37 69 68 87 17 75 83 71 13 4 84 79 11 40 20 91 
4 99 7 43 44 13 14 66 34 28 32 85 95 5 1 74 76 12 8 27 29 96 62 81 39 15 77 45 67 38 46 3 59 19 23 91 86 90 82 9 69 72 60 11 56 30 6 50 37 68 84 93 21 54 63 35 83 16 22 55 24 97 31 98 65 71 48 70 80 33 0 26 92 78 40 49 10 51 52 58 41 53 18 20 88 75 17 64 94 73 79 25 47 36 87 61 57 2 89 42 
88 59 39 17 26 50 79 29 45 44 86 87 68 9 67 56 95 69 84 22 74 80 36 38 35 58 62 16 41 14 57 96 91 55 71 6 93 25 0 40 33 94 72 64 24 11 1 46 53 52 3 42 30 32 21 47 28 97 73 89 43 98 27 92 48 49 65 82 15 8 51 85 83 5 66 70 19 20 99 23 76 34 61 60 4 7 63 12 54 37 31 18 2 10 78 75 90 81 77 13 
25 69 88 66 76 98 42 1 83 2 75 52 64 28 82 35 16 49 7 95 5 55 30 17 79 90 36 20 22 44 21 31 94 99 58 6 53 12 37 87 8 61 29 63 86 96 13 51 27 50 85 0 71 65 19 41 72 4 56 26 3 70 34 33 39 92 32 68 9 77 11 74 73 57 48 47 78 84 14 38 43 97 67 91 45 60 80 24 62 46 81 18 54 23 10 89 40 59 15 93 
72 10 53 85 99 39 17 80 47 38 89 88 33 86 66 62 21 6 67 22 75 24 70 36 93 42 0 19 27 13 84 9 15 78 90 29 34 64 61 31 1 59 26 98 97 96 14 8 55 91 7 23 74 5 3 95 71 65 76 37 20 49 94 43 18 25 2 28 68 11 79 87 52 57 58 45 63 51 16 56 4 46 35 82 32 83 54 30 73 44 60 69 12 77 40 48 92 41 50 81 
6 22 41 34 0 79 44 91 94 1 21 33 42 28 45 72 51 11 87 67 89 59 68 17 56 82 58 5 84 69 50 74 77 80 85 10 48 16 52 60 40 54 75 63 13 71 29 15 88 24 81 32 90 99 36 19 12 14 65 2 92 37 61 95 18 8 39 53 31 46 76 27 64 96 35 49 62 86 93 3 73 70 83 47 20 78 43 57 98 9 4 7 55 38 97 23 66 25 30 26 
83 7 91 26 43 93 18 30 51 39 0 17 53 48 58 74 54 96 98 20 42 67 73 84 41 45 81 49 13 11 46 75 95 79 5 94 33 29 16 60 50 86 52 9 35 23 97 66 6 90 89 2 37 34 80 47 57 62 77 76 65 70 21 8 24 31 82 25 10 27 38 19 3 28 44 78 32 22 56 63 99 88 71 68 92 69 59 64 15 1 61 72 12 85 4 55 36 14 87 40 
